camera
0.0 0.0 0.5
0.0 0.0 -1.0
0.0 1.0 0.0
0.5
1.25
0.5

lights 3
1
2.0 .5 -0.4
0.8 0.8 0.2
1
-2.0 -1.5 0.0
0.8 0.8 0.2
1
0.0 5.0 -0.5
0.4 0.4 0.8

spheres 5
0.4 -0.05 -0.6
0.050 
1.0 0.0 0.0 
0.1 0.1 0.1
0.5 0.5 0.5
0.8 0.8 0.8
75.0
2.42
0.0 -0.2 -0.8
0.150 
0.0 1.0 0.0
0.1 0.1 0.1
0.5 0.5 0.5
0.8 0.8 0.8
125.0
2.42
0.175 0.0 -0.4
0.075  
0.929 0.529 0.176
0.1 0.1 0.1
0.5 0.5 0.5
0.8 0.8 0.8
25.0
2.42
-0.2 -0.25 -0.4
0.225  
0.545 0.0 1.0
0.1 0.1 0.1
0.5 0.5 0.5
0.8 0.8 0.8
100.0
2.42
0.4 -0.50 -0.50
0.300
0.933 0.796 0.678
0.1 0.1 0.1
0.5 0.5 0.5
0.8 0.8 0.8
70.0
2.42

